0 0
1.0 0.0
2.0 0.0
3.0 0.0
2.0 0.0
1.0 0.0
0.0 0.0
1.0 0.0
2.0 0.0
3.0 0.0
4.0 0.0
5.0 0.0
6.0 0.0
7.0 0.0
8.0 0.0
9.0 0.0
10.0 0.0
11.0 0.0
12.0 0.0
13.0 0.0
14.0 0.0
15.0 0.0
16.0 0.0
17.0 0.0
18.0 0.0
19.0 0.0
20.0 0.0
21.0 0.0
22.0 0.0
23.0 0.0
24.0 0.0
25.0 0.0
26.0 0.0
27.0 0.0
28.0 0.0
29.0 0.0
30.0 0.0
31.0 0.0
32.0 0.0
33.0 0.0
34.0 0.0
35.0 0.0
36.0 0.0
37.0 0.0
38.0 0.0
39.0 0.0
40.0 0.0
41.0 0.0
42.0 0.0
43.0 0.0
44.0 0.0
45.0 0.0
46.0 0.0
47.0 0.0
48.0 0.0
48.0 1.0
48.0 2.0
48.0 3.0
48.0 4.0
48.0 5.0
48.0 6.0
48.0 7.0
48.0 8.0
48.0 9.0
48.0 10.0
48.0 11.0
48.0 12.0
48.0 13.0
48.0 14.0
48.0 15.0
48.0 16.0
48.0 17.0
48.0 18.0
48.0 19.0
48.0 20.0
48.0 21.0
48.0 22.0
48.0 23.0
48.0 24.0
48.0 25.0
48.0 26.0
48.0 27.0
48.0 28.0
48.0 29.0
48.0 30.0
48.0 31.0
48.0 32.0
48.0 33.0
48.0 34.0
48.0 35.0
48.0 36.0
48.0 37.0
48.0 38.0
48.0 39.0
48.0 40.0
48.0 41.0
48.0 42.0
48.0 43.0
48.0 44.0
48.0 45.0
48.0 46.0
48.0 47.0
48.0 48.0
48.0 49.0
48.0 50.0
48.0 51.0
48.0 52.0
48.0 53.0
48.0 54.0
48.0 55.0
48.0 56.0
48.0 57.0
48.0 58.0
48.0 59.0
48.0 60.0
48.0 61.0
48.0 62.0
48.0 63.0
48.0 64.0
48.0 65.0
48.0 66.0
48.0 67.0
48.0 68.0
48.0 69.0
48.0 70.0
48.0 71.0
48.0 72.0
48.0 73.0
48.0 74.0
48.0 75.0
48.0 76.0
48.0 77.0
48.0 78.0
48.0 79.0
48.0 80.0
48.0 81.0
48.0 82.0
48.0 83.0
48.0 84.0
48.0 85.0
48.0 86.0
48.0 87.0
48.0 88.0
48.0 89.0
48.0 90.0
48.0 91.0
48.0 92.0
48.0 93.0
48.0 94.0
48.0 95.0
48.0 96.0
48.0 97.0
48.0 98.0
48.0 99.0
48.0 100.0
48.0 101.0
48.0 102.0
48.0 103.0
48.0 104.0
48.0 105.0
48.0 106.0
48.0 107.0
48.0 108.0
48.0 109.0
48.0 110.0
48.0 111.0
48.0 112.0
48.0 113.0
48.0 114.0
48.0 115.0
48.0 116.0
48.0 117.0
48.0 118.0
48.0 119.0
48.0 120.0
48.0 121.0
48.0 122.0
48.0 123.0
48.0 124.0
48.0 125.0
48.0 126.0
48.0 127.0
48.0 128.0
48.0 129.0
48.0 130.0
48.0 131.0
48.0 132.0
48.0 133.0
48.0 134.0
48.0 135.0
48.0 136.0
48.0 137.0
48.0 138.0
48.0 139.0
48.0 140.0
48.0 141.0
48.0 142.0
48.0 143.0
48.0 144.0
48.0 145.0
48.0 146.0
48.0 147.0
48.0 148.0
48.0 149.0
48.0 150.0
48.0 151.0
48.0 152.0
48.0 153.0
48.0 154.0
48.0 155.0
48.0 156.0
48.0 157.0
48.0 158.0
48.0 159.0
48.0 160.0
48.0 161.0
48.0 162.0
48.0 163.0
48.0 164.0
48.0 165.0
48.0 166.0
48.0 167.0
48.0 168.0
48.0 169.0
48.0 170.0
48.0 171.0
48.0 172.0
48.0 173.0
48.0 174.0
48.0 175.0
48.0 176.0
48.0 177.0
48.0 178.0
48.0 179.0
48.0 180.0
48.0 181.0
48.0 182.0
48.0 183.0
48.0 184.0
48.0 185.0
48.0 186.0
48.0 187.0
48.0 188.0
48.0 189.0
48.0 190.0
48.0 191.0
48.0 192.0
48.0 193.0
48.0 194.0
48.0 195.0
48.0 196.0
48.0 197.0
48.0 198.0
48.0 199.0
48.0 200.0
48.0 201.0
48.0 202.0
48.0 203.0
48.0 204.0
48.0 205.0
48.0 206.0
48.0 207.0
48.0 208.0
48.0 209.0
48.0 210.0
48.0 211.0
48.0 212.0
48.0 213.0
48.0 214.0
48.0 215.0
48.0 216.0
48.0 217.0
48.0 218.0
48.0 219.0
48.0 220.0
48.0 221.0
48.0 222.0
49.0 222.0
50.0 222.0
51.0 222.0
52.0 222.0
53.0 222.0
54.0 222.0
54.0 223.0
54.0 224.0
54.0 225.0
54.0 224.0
54.0 223.0
54.0 222.0
55.0 222.0
56.0 222.0
57.0 222.0
58.0 222.0
59.0 222.0
60.0 222.0
61.0 222.0
62.0 222.0
63.0 222.0
64.0 222.0
65.0 222.0
66.0 222.0
67.0 222.0
68.0 222.0
69.0 222.0
70.0 222.0
71.0 222.0
72.0 222.0
73.0 222.0
74.0 222.0
75.0 222.0
76.0 222.0
77.0 222.0
78.0 222.0
79.0 222.0
80.0 222.0
81.0 222.0
82.0 222.0
83.0 222.0
84.0 222.0
85.0 222.0
86.0 222.0
87.0 222.0
88.0 222.0
89.0 222.0
90.0 222.0
91.0 222.0
92.0 222.0
93.0 222.0
94.0 222.0
95.0 222.0
96.0 222.0
97.0 222.0
98.0 222.0
99.0 222.0
100.0 222.0
101.0 222.0
102.0 222.0
103.0 222.0
104.0 222.0
105.0 222.0
106.0 222.0
107.0 222.0
108.0 222.0
109.0 222.0
110.0 222.0
111.0 222.0
112.0 222.0
113.0 222.0
114.0 222.0
115.0 222.0
116.0 222.0
117.0 222.0
118.0 222.0
119.0 222.0
120.0 222.0
121.0 222.0
122.0 222.0
123.0 222.0
124.0 222.0
125.0 222.0
126.0 222.0
127.0 222.0
128.0 222.0
129.0 222.0
130.0 222.0
131.0 222.0
132.0 222.0
133.0 222.0
134.0 222.0
135.0 222.0
136.0 222.0
137.0 222.0
138.0 222.0
139.0 222.0
140.0 222.0
141.0 222.0
142.0 222.0
143.0 222.0
144.0 222.0
145.0 222.0
146.0 222.0
147.0 222.0
148.0 222.0
149.0 222.0
150.0 222.0
151.0 222.0
152.0 222.0
153.0 222.0
154.0 222.0
155.0 222.0
156.0 222.0
157.0 222.0
158.0 222.0
159.0 222.0
160.0 222.0
161.0 222.0
162.0 222.0
163.0 222.0
164.0 222.0
165.0 222.0
166.0 222.0
167.0 222.0
168.0 222.0
169.0 222.0
170.0 222.0
171.0 222.0
172.0 222.0
173.0 222.0
174.0 222.0
175.0 222.0
176.0 222.0
177.0 222.0
178.0 222.0
179.0 222.0
180.0 222.0
181.0 222.0
182.0 222.0
183.0 222.0
184.0 222.0
185.0 222.0
186.0 222.0
187.0 222.0
188.0 222.0
189.0 222.0
190.0 222.0
191.0 222.0
192.0 222.0
193.0 222.0
194.0 222.0
195.0 222.0
196.0 222.0
197.0 222.0
198.0 222.0
199.0 222.0
200.0 222.0
201.0 222.0
202.0 222.0
203.0 222.0
204.0 222.0
205.0 222.0
206.0 222.0
207.0 222.0
208.0 222.0
209.0 222.0
210.0 222.0
211.0 222.0
212.0 222.0
213.0 222.0
214.0 222.0
215.0 222.0
216.0 222.0
217.0 222.0
217.0 221.0
217.0 220.0
217.0 219.0
217.0 218.0
217.0 217.0
217.0 216.0
217.0 215.0
217.0 214.0
217.0 213.0
217.0 212.0
217.0 211.0
217.0 210.0
217.0 209.0
217.0 208.0
217.0 207.0
217.0 206.0
217.0 205.0
217.0 204.0
217.0 203.0
217.0 202.0
217.0 201.0
217.0 200.0
217.0 199.0
217.0 198.0
217.0 197.0
217.0 196.0
217.0 197.0
217.0 198.0
217.0 199.0
217.0 200.0
217.0 201.0
217.0 202.0
217.0 203.0
217.0 204.0
217.0 205.0
217.0 206.0
217.0 207.0
217.0 208.0
217.0 209.0
217.0 210.0
217.0 211.0
217.0 212.0
217.0 213.0
217.0 214.0
217.0 215.0
217.0 216.0
217.0 217.0
217.0 218.0
217.0 219.0
217.0 220.0
217.0 221.0
217.0 222.0
217.0 223.0
217.0 224.0
217.0 225.0
217.0 226.0
217.0 227.0
217.0 228.0
217.0 229.0
217.0 230.0
217.0 231.0
217.0 232.0
217.0 233.0
217.0 234.0
217.0 235.0
217.0 236.0
217.0 237.0
217.0 238.0
217.0 239.0
217.0 240.0
217.0 241.0
217.0 242.0
217.0 243.0
217.0 244.0
217.0 245.0
217.0 246.0
217.0 247.0
217.0 248.0
217.0 249.0
217.0 250.0
217.0 251.0
217.0 252.0
217.0 253.0
217.0 254.0
217.0 255.0
217.0 256.0
217.0 257.0
217.0 258.0
217.0 259.0
217.0 260.0
217.0 261.0
217.0 262.0
217.0 263.0
217.0 264.0
217.0 265.0
217.0 266.0
217.0 267.0
217.0 268.0
217.0 269.0
217.0 270.0
217.0 271.0
217.0 272.0
217.0 273.0
217.0 274.0
217.0 275.0
217.0 276.0
217.0 277.0
217.0 278.0
217.0 279.0
217.0 280.0
217.0 281.0
217.0 282.0
217.0 283.0
217.0 284.0
217.0 285.0
217.0 286.0
217.0 287.0
217.0 288.0
217.0 289.0
217.0 290.0
217.0 291.0
217.0 292.0
217.0 293.0
217.0 294.0
217.0 295.0
217.0 296.0
217.0 297.0
217.0 298.0
217.0 299.0
217.0 300.0
217.0 301.0
217.0 302.0
217.0 303.0
217.0 304.0
217.0 305.0
217.0 306.0
217.0 307.0
217.0 308.0
217.0 309.0
217.0 310.0
217.0 311.0
217.0 312.0
217.0 313.0
217.0 314.0
217.0 315.0
217.0 316.0
217.0 317.0
217.0 318.0
217.0 319.0
217.0 320.0
217.0 321.0
217.0 322.0
217.0 323.0
217.0 324.0
217.0 325.0
217.0 326.0
217.0 327.0
217.0 328.0
217.0 329.0
217.0 330.0
217.0 331.0
217.0 332.0
217.0 333.0
217.0 334.0
217.0 335.0
217.0 336.0
217.0 337.0
217.0 338.0
217.0 339.0
217.0 340.0
217.0 341.0
217.0 342.0
217.0 343.0
217.0 344.0
217.0 345.0
217.0 346.0
217.0 347.0
217.0 348.0
217.0 349.0
217.0 350.0
217.0 351.0
217.0 352.0
217.0 353.0
217.0 354.0
217.0 355.0
217.0 356.0
217.0 357.0
217.0 358.0
217.0 359.0
217.0 360.0
217.0 361.0
217.0 362.0
217.0 363.0
217.0 364.0
217.0 365.0
217.0 366.0
217.0 367.0
217.0 368.0
217.0 369.0
217.0 370.0
217.0 371.0
217.0 372.0
217.0 373.0
217.0 374.0
217.0 375.0
217.0 376.0
217.0 377.0
217.0 378.0
217.0 379.0
217.0 380.0
217.0 381.0
217.0 382.0
217.0 383.0
217.0 384.0
217.0 385.0
217.0 386.0
217.0 387.0
217.0 388.0
217.0 389.0
217.0 390.0
217.0 391.0
217.0 392.0
217.0 393.0
217.0 394.0
217.0 395.0
217.0 396.0
217.0 397.0
217.0 398.0
217.0 399.0
217.0 400.0
217.0 401.0
217.0 402.0
217.0 403.0
217.0 404.0
217.0 405.0
217.0 406.0
217.0 407.0
217.0 408.0
217.0 409.0
217.0 410.0
217.0 411.0
217.0 412.0
217.0 413.0
217.0 414.0
217.0 415.0
217.0 416.0
217.0 417.0
217.0 418.0
217.0 419.0
217.0 420.0
217.0 421.0
217.0 422.0
217.0 423.0
216.0 423.0
215.0 423.0
214.0 423.0
213.0 423.0
212.0 423.0
211.0 423.0
210.0 423.0
209.0 423.0
208.0 423.0
207.0 423.0
208.0 423.0
209.0 423.0
210.0 423.0
211.0 423.0
212.0 423.0
213.0 423.0
214.0 423.0
215.0 423.0
216.0 423.0
217.0 423.0
218.0 423.0
219.0 423.0
220.0 423.0
221.0 423.0
222.0 423.0
223.0 423.0
224.0 423.0
225.0 423.0
226.0 423.0
227.0 423.0
228.0 423.0
229.0 423.0
230.0 423.0
231.0 423.0
232.0 423.0
233.0 423.0
234.0 423.0
235.0 423.0
236.0 423.0
237.0 423.0
238.0 423.0
239.0 423.0
240.0 423.0
241.0 423.0
242.0 423.0
243.0 423.0
244.0 423.0
245.0 423.0
246.0 423.0
247.0 423.0
248.0 423.0
249.0 423.0
250.0 423.0
251.0 423.0
252.0 423.0
253.0 423.0
254.0 423.0
255.0 423.0
256.0 423.0
257.0 423.0
258.0 423.0
259.0 423.0
260.0 423.0
261.0 423.0
262.0 423.0
263.0 423.0
264.0 423.0
265.0 423.0
266.0 423.0
267.0 423.0
268.0 423.0
269.0 423.0
270.0 423.0
271.0 423.0
272.0 423.0
273.0 423.0
274.0 423.0
275.0 423.0
276.0 423.0
277.0 423.0
278.0 423.0
279.0 423.0
280.0 423.0
281.0 423.0
282.0 423.0
283.0 423.0
284.0 423.0
285.0 423.0
286.0 423.0
287.0 423.0
288.0 423.0
289.0 423.0
290.0 423.0
291.0 423.0
292.0 423.0
293.0 423.0
294.0 423.0
295.0 423.0
296.0 423.0
296.0 422.0
296.0 423.0
296.0 424.0
296.0 425.0
296.0 426.0
296.0 427.0
296.0 428.0
296.0 429.0
296.0 430.0
296.0 431.0
296.0 432.0
296.0 433.0
296.0 434.0
296.0 435.0
296.0 436.0
296.0 437.0
296.0 438.0
296.0 439.0
296.0 440.0
296.0 441.0
296.0 442.0
296.0 443.0
296.0 444.0
296.0 445.0
296.0 446.0
296.0 447.0
296.0 448.0
296.0 449.0
296.0 450.0
296.0 451.0
296.0 452.0
296.0 453.0
296.0 454.0
296.0 455.0
296.0 456.0
296.0 457.0
296.0 458.0
296.0 459.0
296.0 460.0
296.0 461.0
296.0 462.0
296.0 463.0
296.0 464.0
296.0 465.0
297.0 465.0
296.0 465.0
295.0 465.0
294.0 465.0
293.0 465.0
293.0 464.0
293.0 465.0
293.0 466.0
293.0 467.0
293.0 468.0
294.0 468.0
295.0 468.0
296.0 468.0
296.0 469.0
296.0 470.0
296.0 471.0
296.0 472.0
296.0 473.0
296.0 474.0
296.0 475.0
296.0 476.0
296.0 477.0
296.0 478.0
296.0 477.0
296.0 476.0
296.0 475.0
296.0 474.0
296.0 473.0
296.0 472.0
296.0 471.0
296.0 470.0
296.0 469.0
296.0 468.0
296.0 467.0
296.0 466.0
296.0 465.0
296.0 464.0
296.0 463.0
296.0 462.0
296.0 461.0
296.0 460.0
296.0 459.0
296.0 458.0
296.0 457.0
296.0 456.0
296.0 455.0
296.0 454.0
296.0 453.0
296.0 452.0
296.0 451.0
296.0 450.0
296.0 449.0
296.0 448.0
296.0 447.0
296.0 446.0
296.0 445.0
296.0 444.0
296.0 443.0
296.0 442.0
296.0 441.0
296.0 440.0
296.0 439.0
296.0 438.0
296.0 437.0
296.0 436.0
296.0 435.0
296.0 434.0
296.0 433.0
296.0 432.0
296.0 431.0
296.0 430.0
296.0 429.0
296.0 428.0
296.0 427.0
296.0 426.0
296.0 425.0
296.0 424.0
296.0 423.0
296.0 422.0
296.0 421.0
296.0 420.0
296.0 419.0
296.0 418.0
296.0 417.0
296.0 416.0
296.0 415.0
296.0 414.0
296.0 413.0
296.0 412.0
296.0 411.0
296.0 410.0
296.0 409.0
296.0 408.0
296.0 407.0
296.0 406.0
296.0 405.0
296.0 404.0
296.0 403.0
296.0 402.0
296.0 401.0
296.0 400.0
296.0 399.0
296.0 398.0
296.0 397.0
296.0 396.0
296.0 395.0
296.0 394.0
296.0 393.0
296.0 392.0
296.0 391.0
296.0 390.0
296.0 389.0
296.0 388.0
296.0 387.0
296.0 386.0
296.0 385.0
296.0 384.0
296.0 383.0
296.0 382.0
296.0 381.0
296.0 380.0
296.0 379.0
296.0 378.0
296.0 377.0
296.0 376.0
296.0 375.0
296.0 374.0
296.0 373.0
296.0 372.0
296.0 371.0
296.0 370.0
296.0 369.0
296.0 368.0
297.0 368.0
298.0 368.0
299.0 368.0
300.0 368.0
301.0 368.0
302.0 368.0
303.0 368.0
304.0 368.0
305.0 368.0
306.0 368.0
307.0 368.0
308.0 368.0
309.0 368.0
310.0 368.0
311.0 368.0
312.0 368.0
313.0 368.0
314.0 368.0
315.0 368.0
316.0 368.0
317.0 368.0
318.0 368.0
319.0 368.0
320.0 368.0
321.0 368.0
322.0 368.0
323.0 368.0
324.0 368.0
325.0 368.0
326.0 368.0
327.0 368.0
328.0 368.0
329.0 368.0
330.0 368.0
331.0 368.0
332.0 368.0
333.0 368.0
334.0 368.0
335.0 368.0
336.0 368.0
337.0 368.0
338.0 368.0
339.0 368.0
340.0 368.0
341.0 368.0
342.0 368.0
343.0 368.0
344.0 368.0
345.0 368.0
346.0 368.0
347.0 368.0
348.0 368.0
349.0 368.0
350.0 368.0
351.0 368.0
352.0 368.0
353.0 368.0
354.0 368.0
355.0 368.0
356.0 368.0
357.0 368.0
358.0 368.0
359.0 368.0
360.0 368.0
361.0 368.0
362.0 368.0
363.0 368.0
364.0 368.0
365.0 368.0
366.0 368.0
367.0 368.0
368.0 368.0
369.0 368.0
370.0 368.0
371.0 368.0
372.0 368.0
373.0 368.0
374.0 368.0
375.0 368.0
376.0 368.0
377.0 368.0
378.0 368.0
379.0 368.0
380.0 368.0
381.0 368.0
382.0 368.0
383.0 368.0
384.0 368.0
385.0 368.0
386.0 368.0
387.0 368.0
388.0 368.0
389.0 368.0
390.0 368.0
391.0 368.0
392.0 368.0
393.0 368.0
394.0 368.0
395.0 368.0
396.0 368.0
397.0 368.0
398.0 368.0
399.0 368.0
400.0 368.0
401.0 368.0
402.0 368.0
403.0 368.0
404.0 368.0
405.0 368.0
406.0 368.0
407.0 368.0
408.0 368.0
409.0 368.0
410.0 368.0
411.0 368.0
412.0 368.0
413.0 368.0
414.0 368.0
415.0 368.0
416.0 368.0
417.0 368.0
418.0 368.0
419.0 368.0
420.0 368.0
421.0 368.0
422.0 368.0
423.0 368.0
424.0 368.0
425.0 368.0
426.0 368.0
427.0 368.0
428.0 368.0
429.0 368.0
430.0 368.0
431.0 368.0
432.0 368.0
433.0 368.0
434.0 368.0
435.0 368.0
436.0 368.0
437.0 368.0
438.0 368.0
439.0 368.0
440.0 368.0
441.0 368.0
442.0 368.0
443.0 368.0
444.0 368.0
445.0 368.0
446.0 368.0
447.0 368.0
448.0 368.0
449.0 368.0
450.0 368.0
451.0 368.0
452.0 368.0
453.0 368.0
454.0 368.0
455.0 368.0
456.0 368.0
457.0 368.0
458.0 368.0
459.0 368.0
460.0 368.0
461.0 368.0
462.0 368.0
463.0 368.0
464.0 368.0
465.0 368.0
466.0 368.0
467.0 368.0
468.0 368.0
469.0 368.0
470.0 368.0
471.0 368.0
472.0 368.0
472.0 367.0
472.0 366.0
472.0 365.0
472.0 364.0
472.0 363.0
472.0 362.0
472.0 361.0
472.0 360.0
472.0 359.0
472.0 358.0
472.0 357.0
472.0 356.0
472.0 355.0
472.0 354.0
472.0 353.0
472.0 352.0
472.0 351.0
472.0 350.0
472.0 349.0
472.0 348.0
472.0 347.0
472.0 346.0
472.0 345.0
472.0 344.0
472.0 343.0
472.0 342.0
472.0 341.0
472.0 340.0
472.0 339.0
472.0 338.0
472.0 337.0
472.0 336.0
472.0 335.0
472.0 334.0
472.0 333.0
472.0 332.0
472.0 331.0
472.0 332.0
472.0 331.0
472.0 330.0
472.0 329.0
472.0 328.0
472.0 327.0
472.0 326.0
472.0 325.0
472.0 324.0
472.0 323.0
472.0 322.0
472.0 321.0
472.0 320.0
472.0 319.0
472.0 318.0
472.0 317.0
472.0 316.0
472.0 315.0
472.0 314.0
472.0 313.0
473.0 313.0
474.0 313.0
475.0 313.0
476.0 313.0
477.0 313.0
478.0 313.0
479.0 313.0
480.0 313.0
481.0 313.0
482.0 313.0
483.0 313.0
484.0 313.0
485.0 313.0
486.0 313.0
487.0 313.0
488.0 313.0
489.0 313.0
490.0 313.0
491.0 313.0
492.0 313.0
493.0 313.0
494.0 313.0
495.0 313.0
496.0 313.0
497.0 313.0
498.0 313.0
499.0 313.0
499.0 312.0
499.0 311.0
499.0 310.0
499.0 309.0
499.0 308.0
499.0 307.0
499.0 306.0
499.0 305.0
499.0 304.0
499.0 303.0
499.0 302.0
499.0 301.0
499.0 300.0
499.0 299.0
499.0 298.0
499.0 297.0
499.0 296.0
499.0 295.0
499.0 294.0
499.0 293.0
499.0 292.0
499.0 291.0
499.0 290.0
499.0 289.0
499.0 288.0
499.0 287.0
499.0 286.0
499.0 285.0
499.0 284.0
499.0 283.0
499.0 282.0
499.0 281.0
499.0 280.0
499.0 279.0
499.0 278.0
499.0 277.0
499.0 276.0
499.0 275.0
499.0 274.0
499.0 273.0
499.0 272.0
499.0 271.0
499.0 270.0
499.0 269.0
500.0 269.0
501.0 269.0
502.0 269.0
502.0 268.0
502.0 267.0
502.0 266.0
502.0 265.0
502.0 264.0
502.0 263.0
502.0 262.0
502.0 261.0
502.0 260.0
502.0 259.0
502.0 258.0
502.0 257.0
502.0 256.0
502.0 255.0
502.0 254.0
502.0 253.0
502.0 252.0
502.0 251.0
502.0 250.0
502.0 249.0
502.0 248.0
502.0 247.0
502.0 246.0
502.0 245.0
502.0 244.0
502.0 243.0
502.0 242.0
502.0 241.0
502.0 240.0
502.0 239.0
502.0 238.0
502.0 239.0
502.0 240.0
502.0 241.0
502.0 240.0
502.0 239.0
502.0 240.0
502.0 241.0
502.0 242.0
502.0 243.0
502.0 244.0
502.0 245.0
502.0 246.0
502.0 247.0
502.0 248.0
502.0 249.0
502.0 250.0
502.0 251.0
502.0 252.0
502.0 253.0
502.0 254.0
502.0 255.0
502.0 256.0
502.0 257.0
